feature_means = [0.9844238061594202, 0.8993799916666657, 0.5499073086956532, 0.8076275822463773, 0.8530609380434815, 0.5478824217391309, 0.8091285134057984, 1.3693829021739146]
feature_stds = [0.8630555853660963, 0.8516500975733784, 0.47814019953127807, 0.7098775672007965, 0.7779625607910332, 0.7036747828159293, 0.7273176716447957, 1.0664600900185903]
